M = 1000;
b = 50;
r = 10;

u = 10;

Kp = 800;
Ki = 40;