M = 1000;
b = 50;
